# +5
0+0=? 0,2,1
0+1=? 1,0,2
0+2=? 2,0,1
0+3=? 3,0,4
0+4=? 4,0,5
0+5=? 5,0,6
1+0=? 1,0,2
1+1=? 2,1,0
1+2=? 3,1,2
1+3=? 4,1,5
1+4=? 5,1,3
2+0=? 2,0,1
2+1=? 3,2,1
2+2=? 4,2,0
2+3=? 5,2,0
3+0=? 3,0,4
3+1=? 4,3,2
3+2=? 5,1,7
4+0=? 4,0,3
4+1=? 5,4,3
5+0=? 5,0,6
# -5
0-0=? 0,1,2
1-0=? 1,0,2
2-0=? 2,0,1
3-0=? 3,2,1
4-0=? 4,3,5
5-0=? 5,4,0
1-1=? 0,1,2
2-1=? 1,3,2
3-1=? 2,4,1
4-1=? 3,4,2
5-1=? 4,6,5
2-2=? 0,4,3
3-2=? 1,5,4
4-2=? 2,6,3
5-2=? 3,7,6
3-3=? 0,6,5
4-3=? 1,7,6
5-3=? 2,8,7
4-4=? 0,8,4
5-4=? 1,0,9
5-5=? 0,10,6
# +10
5+1=? 6,5,4
5+2=? 7,6,3
5+3=? 8,7,2
5+4=? 9,7,1
5+5=? 10,5,0
6+0=? 6,0,7
6+1=? 7,5,8
6+2=? 8,4,7
6+3=? 9,3,6
6+4=? 10,2,9
7+0=? 7,10,0
7+1=? 8,7,9
7+2=? 9,8,10
7+3=? 10,9,8
8+0=? 8,9,7
8+1=? 9,8,10
8+2=? 10,6,9
9+0=? 9,10,0
9+1=? 10,9,8
10+0=? 10,0,1
# +10
1+5=? 6,5,4
2+5=? 7,6,3
3+5=? 8,7,2
4+5=? 9,7,1
5+5=? 10,5,0
0+6=? 6,0,7
1+6=? 7,5,8
2+6=? 8,4,7
3+6=? 9,3,6
4+6=? 10,2,9
0+7=? 7,10,0
1+7=? 8,7,9
2+7=? 9,8,10
3+7=? 10,9,8
0+8=? 8,9,7
1+8=? 9,8,10
2+8=? 10,6,9
0+9=? 9,10,0
1+9=? 10,9,8
0+10=? 10,0,1
# +15
10+1=? 11,9,10
10+2=? 12,8,9
10+3=? 13,7,8
10+4=? 14,6,13
10+5=? 15,10,5
11+0=? 11,10,12
11+1=? 12,10,13
11+2=? 13,9,10
11+3=? 14,8,13
11+4=? 15,7,14
12+0=? 12,13,11
12+1=? 13,11,12
12+2=? 14,10,4
12+3=? 15,5,9
13+0=? 13,14,3
13+1=? 14,12,4
13+2=? 15,11,5
14+0=? 14,0,15
14+1=? 15,13,5
15+0=? 15,16,5
# +15
1+10=? 11,2,12
2+10=? 12,3,13
3+10=? 13,4,14
4+10=? 14,5,15
5+10=? 15,5,10
0+11=? 11,0,12
1+11=? 12,2,11
2+11=? 13,3,12
3+11=? 14,4,13
4+11=? 15,5,14
0+12=? 12,2,13
1+12=? 13,3,11
2+12=? 14,4,10
3+12=? 15,5,4
0+13=? 13,3,10
1+13=? 14,2,4
2+13=? 15,3,5
0+14=? 14,10,4
1+14=? 15,2,5
0+15=? 15,6,10
# +20
15+1=? 16,1,2
15+2=? 17,1,2
15+3=? 18,1,2
15+4=? 19,1,2
15+5=? 20,1,2
16+0=? 16,1,2
16+1=? 17,1,2
16+2=? 18,1,2
16+3=? 19,1,2
16+4=? 20,1,2
17+0=? 17,1,2
17+1=? 18,1,2
17+2=? 19,1,2
17+3=? 20,1,2
18+0=? 18,1,2
18+1=? 19,1,2
18+2=? 20,1,2
19+0=? 19,1,2
19+1=? 20,1,2
20+0=? 20,1,2
# +20
1+15=? 16,1,2
2+15=? 17,1,2
3+15=? 18,1,2
4+15=? 19,1,2
5+15=? 20,1,2
0+16=? 16,1,2
1+16=? 17,1,2
2+16=? 18,1,2
3+16=? 19,1,2
4+16=? 20,1,2
0+17=? 17,1,2
1+17=? 18,1,2
2+17=? 19,1,2
3+17=? 20,1,2
0+18=? 18,1,2
1+18=? 19,1,2
2+18=? 20,1,2
0+19=? 19,1,2
1+19=? 20,1,2
0+20=? 20,1,2
